100
4 2
5 2
6 2
1000 1000
1000 1
311888 278448
363044 313931
500000 1
999999 262143
500000 262144
500000 2
551247 484701
1000000 999999
999999 475711
500000 500000
999999 2
1 1
834722 706168
1000000 524288
3 1
500000 237856
785468 680942
1000000 417591
1000000 1000000
2 2
1000000 500000
432081 352899
1000000 262144
1000000 499999
500000 262143
684891 679131
3 2
455180 441512
1000000 262143
606757 476288
999999 505724
999999 128
633080 525614
771777 620976
729082 557838
1000000 515704
503114 482392
999999 1
1000000 127
999999 524288
999999 999998
999999 499997
500000 255447
999999 499998
1000000 524287
500000 249999
1000000 499998
999999 999999
866003 788304
742832 570848
605151 506218
517863 420913
500000 127
522026 439254
500000 128
580202 542004
862558 672401
605978 562094
1000000 128
808686 614309
1000000 1
904398 730411
500000 189941
365213 344499
500000 499999
986774 753201
4 1
484086 445540
999999 499999
447168 392062
999999 127
999999 411525
500000 237857
639876 573294
539321 490447
572478 505973
874411 691158
999999 262144
500000 250000
1000000 475713
807162 741615
2 1
1000000 2
1000000 475712
500000 131071
5 1
999999 524287
409736 401378
880787 768462
999999 475712
926762 731678
367792 344455
500000 249998
826749 677809
500000 131072
