100
4 2
5 2
6 2
1000 1000
1000 1
1000 511
500 256
3 2
2 1
354 300
615 534
728 704
759 609
368 300
500 249
500 255
726 636
999 2
500 116
999 499
289 262
800 763
536 459
592 484
2 2
1000 128
500 499
636 609
686 575
628 580
1000 127
295 276
999 255
999 511
999 256
1000 256
500 1
1 1
999 503
999 127
999 999
500 127
5 1
999 488
508 495
649 541
1000 512
500 117
1000 500
999 998
999 487
458 352
500 500
278 218
1000 499
500 128
338 313
1000 999
1000 498
999 128
999 1
1000 255
3 1
1000 425
1000 488
500 245
780 655
971 854
906 811
500 244
500 89
305 257
1000 2
599 471
676 587
489 469
999 418
4 1
873 869
827 773
449 353
523 449
422 341
370 330
500 253
500 248
999 497
413 377
500 192
1000 489
999 512
500 250
754 686
1000 508
907 750
807 760
936 884
437 417
500 2
999 498
