100
7275174137992790599
3203752060865409536
2544166898351401704
8192698241812695263
6612473442714017288
7781406045286992726
5052515796883183590
8718089077597492405
3141767634713704055
7430609427559434482
2011373073077782424
367881116169142284
5582880646264303254
5751481145103973153
4188045171595352639
4895395083262411302
2311326057149500969
364969016670786738
2882296098886935674
2470205694749525386
1667011380086091949
7354738440074832577
6752452008812243541
2042694059367007721
9177688534131512166
54910501347073884
3880330647396491484
2390206925125988120
7637491360243277196
3549109512383253935
7802206648026336071
8795553972464454292
4703121836522017376
4798833153006259296
9124824425069921118
3162676333185525619
8618545659612639685
766988035016342788
3783599347488290967
6574390040084218155
5670175518737247609
3083590511170205755
8514596563974603290
4131498963598446061
5712871943368859882
1921565472000846344
7985924073443052107
6539344739902236962
510862323411376955
7123378671655283833
6961974494341101697
6710214058793891994
2937195414901229063
3644526102117569130
5042517930878956551
5126528213463948999
6809150286702252357
8240075951845627950
6951490858733240850
4083513893686861991
8775578280118442147
1649011310162647541
9194978721949420353
6432669290773738767
5732026426798095062
288624183449922934
7178439180448937822
8876478198361759563
6886493868551136802
360415466711495752
4207350712201874833
1306268364896375504
2057129326473638419
1966996142993822035
8171258351734108789
5453675510051677932
8755076037350394571
7874398650139217006
5009809142028854541
3294915546266638914
2360596404254099542
7327844450828932779
2967236638115401568
7336395872606366715
4228440562941409655
8618166195042177704
3088066190652909803
7163841982300317597
541129568917261498
1425746030049734918
5126762874619960341
3058353008889984754
1307980542135480420
3249180338756037507
2835022193922077462
4670306892864409328
3840875497793551404
6439233959924080298
2018726695755604727
2032175465975916898
