1100
239400509690
651571406086
834183747977
618329942616
23786034834
743756200529
213080563152
773164464475
642560899718
255138409412
74878234930
636998006900
551308123731
787147956655
642372631806
271431656918
755110583884
411672187531
589907941648
727797225297
158122899717
330265490160
200593719959
347004046049
951777424137
715378667295
889729400909
316006517398
561516219122
567401130164
975661810976
305375367299
98572243968
187819500024
185791107877
215316282109
852364518331
919378683615
248066540845
628491080836
668361078356
171411802627
126768721249
751005432115
64564098060
655649270286
416299515747
604251208006
594749414923
258851700940
680475052790
636889164607
162953344300
771184312680
564643337604
418317082733
141930281150
619951672867
79228602622
948265226990
453746679538
246122342303
227409338840
509462963514
846152035041
158956599090
329473200686
318128002328
906960223524
969326114398
965630920433
638338109456
427519485388
483452047265
199167639960
247619932952
630752463446
366099072875
304881843945
497784957433
115343057860
659069554066
347238103581
797713827895
922924855290
721298446076
630087406184
525457680463
244298943788
412000584945
358809814939
593983069316
511328083958
287806736536
191734488097
468124636094
510946974360
580505390202
612325591259
727788139818
59474066944
164729530307
572744020447
746335944098
991987929352
924572050866
268930152591
433767964844
851095925064
948301955800
490267646531
159171902988
409551680479
684246621893
173761473630
185123087109
13957904974
962823645970
284756716036
22635893120
554742410057
509107912920
544788088622
487414554611
940640740898
832579714563
407750390893
727177004828
546358018490
250475808172
158721571433
997182933664
92537161594
78504170468
111354845468
460732374493
588689022741
937201660294
481215400963
384107875371
579424531912
103174902321
346371790553
605443673965
67935425659
151622075131
730248290735
350040459328
768611477736
286507861402
471521889573
172311463668
645317627462
743077358071
71893133768
567161851047
485446408370
665348757748
232052735555
878278241220
38627864033
368646142851
506038395333
707216807943
30797036647
910482622920
89832813083
891108484574
396954069666
651506753816
39025697324
68775403057
544135011135
990411452130
491792567164
709698034821
178659542788
805755039197
272890485545
147568021439
469347662856
701436674821
922511494313
773249654226
850873475019
430631932474
187384227066
239705895668
995661418954
414767307766
154681623926
746150632579
989696660420
73099726721
604899989250
823815610489
904509356232
915221934715
364520218206
390174613348
245516496469
624749554073
524539500562
689644405228
269004487522
269823649820
241638495341
325370912916
709395111718
873898966089
152166836791
493771723135
502685481774
560222043496
860483484082
732330234554
643705349502
611876661975
705686029485
155938106595
927643711838
369784581414
583186397849
505157384253
784078858960
772780076307
72590275458
554770314721
245724157450
624363698362
677186947220
567750860983
792842999485
199308491154
151888736847
980954673523
992652205746
70968819648
117794155287
15338112377
610690322377
731385428765
224363518849
205966392598
751552805735
51441741235
822838841818
540168885452
353101319896
31640921832
914378367007
936940050959
233193917856
222612607313
812301856066
203718400152
893491096721
474992576571
880918397725
163426119460
215964128168
484657719403
276236234337
388671208592
83478023083
187199196980
722410354995
274241510962
630461131015
428123337185
676660784297
613753498574
768863165122
473065124498
207437943673
679412688866
400147770065
396193182838
983933538237
502243240694
479600892902
105126878342
69884201369
497301714773
870177159740
900950495511
824061369623
404370582961
184777260170
285077291525
53249596453
27386540994
698980815560
602096499076
464099011132
787147279135
494488869727
793200524259
103300055546
324884234355
856876086033
302218181701
706364571134
985947232538
63843171320
219228910365
97293273127
989798213524
419844779324
242450879508
384586114009
494841870750
193217137616
256050428167
992945417589
694854023793
413517570250
173590696708
842758857796
849404508608
771452828419
826115007230
587602270315
867224591188
132516384144
105950521580
386545690858
775764572740
203958312957
439627458872
876598315127
126221415735
139815043969
189993143065
1572431371
548242796245
971636398239
513157564794
847479656329
943085984281
202230874942
187453055597
552387274887
781566827471
704166707768
14293734604
644256767258
450525941558
968546307969
858865057178
483957751324
799516674351
917006274029
981971154751
403855807195
517401157915
698197537498
88118898139
454901595795
297611096991
881230106088
218939974513
736553297073
606404609673
120344645678
291769934559
823528136510
396132921809
88620467604
185710376732
967653472643
710306438660
68780880334
869265686912
973282830237
674793171103
259740087729
375091997161
382310027284
705998668894
969746217501
259556536594
233170853782
992452694929
482197368069
76378356540
693449891046
362169250183
484046317362
81623492097
711444336166
224049571368
860236646625
950301246336
198497585292
354791439694
90455232688
731945061157
948233374791
489829844022
941866377490
224335461165
231712974923
119610833349
651413897613
267351322512
89006433906
748981036791
508607933179
409520835758
382715472037
935676949555
366695042172
799448681334
466235725910
726189808212
271444616061
961997109991
976963109564
660540982145
59004702936
754474330304
399196916646
291935000002
792871744133
661440848394
10138144312
759068681414
899643073411
953159748925
454850388519
767796980140
916590732347
748478703348
997236457506
476452705815
47628170970
360920895572
333854965842
501251938328
34605682702
441910819504
580829584403
412036629430
439436403732
895717754324
441595949252
815282395351
177900040612
100511776914
680655998677
231179227926
764183825600
421949921225
103329097217
389972682150
894608643278
652602681614
121153202897
474461055700
743444435880
262195354212
294106578135
942356396358
343149232376
305745651985
853439021496
59726149659
555376272918
141337959405
563272485314
663572778133
332654301497
827095337518
161047861550
344384761292
458174347333
770659655491
375913300317
342078179929
179078362165
506066283278
304872936612
868818413615
725469108820
983252605522
50018892343
562467956917
515084766507
314170963493
744170844457
212000581674
581092468962
758027220
288430084967
543190164315
305427326697
910674757951
145050990137
809033260810
586855545350
814887458652
276609320606
287713932873
204865717557
541466196642
815092459709
62174630456
328051185049
495685472895
393417659780
694222728476
21633019870
992911334238
777629749903
532699624125
536394701271
124935952981
776377786631
758136924860
242138994327
166184447304
386335166807
403400301961
303144669618
409459840225
615093539203
72174574655
419350881547
256398938332
288317284698
443414530346
223519264323
635810419228
560871597270
901665562806
585751914846
113928663433
734317578201
781369114477
766336894379
832295940825
705232632113
178336757334
999972071288
76431879929
443195666193
205986124468
119089548677
632835587457
20146171740
786482320326
526134706640
738630870565
343116972827
566631033272
137862493143
827076857377
314320958018
287782689015
389963877559
128335494177
95943359037
844320406655
850553215546
774494638769
711183203490
344723558770
42525721776
154549851027
775964250871
454075472958
599883382652
603732576242
699334535940
769306089571
261128876232
205170623408
704275390679
171542795900
799572977651
296664250948
392160895307
75547515311
710512690985
948433109207
273471186535
235393204193
282813166917
24395930723
827797420326
794759046911
599833235655
206365306051
430401960373
537165323364
139186132559
665365240287
360505243862
658425228291
932934870058
378629231243
809401781104
685090883548
432009796241
709474831164
415204663930
38796671555
629908694398
415669310380
466393063181
775541555955
425868180367
471357563964
901888238769
672017890027
571486227239
859597790392
453943045714
918711122371
709596639600
401554613952
287130304922
530949999521
30331828537
79015004832
174655225704
993675655146
607882227379
284049327598
500930700821
490391230567
148727197255
497377909525
259634595627
223536527970
954282301501
631349543696
65059654170
352862281295
979349216664
110583510387
680110153866
828841443380
78980544895
179150141635
924669952950
902097925128
303752010034
517838099039
13219476007
154856575907
953265375503
288196861027
241700956689
960824427089
715178841346
398243331413
415700995488
74578544870
2911459426
526072837618
792875017256
665670011181
684380362249
648228976245
303920639801
199500902489
62235990532
907830763772
391556207225
298285472562
816568199
518326745393
948832725882
505704710784
463748326415
289659145126
87746969948
472882697947
408477245613
546841395071
119196382954
908473297421
893069159545
694224823908
436230373606
606066555622
631545839511
672034340508
75833523411
190027118319
85112215728
334255109919
61338759349
13084997492
467337119070
407837329095
220954244404
333065951902
67896748369
32794525840
626598873180
122223913946
305656384719
216308688955
290708188883
803793291302
176112058625
247231637449
49937397927
668487413878
999728884385
118602772000
511361052476
942356555525
162167007169
955643055261
139975875267
61088282007
659940248953
22021735858
603182697433
596715669050
823078872227
680135162099
346698949701
582568589997
20643488911
770674533230
412130656531
230297744721
834703718838
674793088307
786185527978
775610513108
824710937963
691662342963
796999580256
519424263422
906321103799
841305672792
575185986786
92688972221
865376197075
760515902530
346429463789
41038155424
372888543656
598110768010
594267655870
982523241509
542626585244
536769459625
276131748985
340696139267
513774851175
927560305064
876467863437
478917344349
909666937936
854378323594
31149259411
646718349361
276231116812
433375598073
998078939183
892799226187
549059418089
724028930092
35885811565
682631271639
79490090223
782158481156
287784118155
42553801301
92860063753
202120541650
851749395425
586739892231
863994576855
371746319139
62775020820
38515746788
129528708843
907310746696
176471086832
485197731272
8148183584
792790679576
702201621416
395650891939
606716344988
723665508028
960596085035
146252145066
204096020429
738068406390
249642497763
278189277917
460644218061
659779629165
312034137524
278012979461
696424490600
390745577772
468122075774
609746580974
391090616089
232663119898
779542483777
689605423670
51889828574
492716903754
412907052186
62645382073
702549554445
773854743528
766636369583
454631495232
870870063280
395201250202
454020368857
956913833252
474920617042
742762382594
989424702493
347961492029
346865567094
112415286123
97566888065
525873554824
809299463711
359907767684
739613459088
530001661265
84958333918
837113918565
606317187870
995910064824
506953866376
909501566200
306477723910
644549576935
760539845151
143586107648
964140816498
726047831978
691452999418
329086979796
631092528900
940969476479
871604456807
100627990669
907146678463
809476145612
629000562268
716080419807
569456495189
473842770120
513435658159
394165588880
492796637433
796298585043
925316196374
99488063537
148720682490
934222403427
285174907650
622755472779
360986145589
771630278510
156680283606
384239359839
891284090239
928598452310
8719290335
146108676678
558609594419
988596229725
293771972237
231463208708
30034734951
548161169994
53575393832
724092870951
663361449254
39501901456
407164372165
733839392249
15409024572
606086165412
155564968524
281639919842
210591050569
424789667873
304481434355
577952180168
610336689417
343115726630
199380929020
823366859063
824485589570
819538278342
443516231572
7847869100
214017149483
663864454094
402557809898
10679416878
625835960159
720585536553
305217745412
628678732299
54103309246
553637903655
689687425798
991687981796
22143268393
392672645953
3640885352
211387694281
123289653134
222254405256
339265548424
859236941237
251040230259
910903748778
912755764158
140138324740
121567091924
872092421796
898026043842
353765295052
938509192484
111333374037
192668436473
482061056231
187791718069
646282963351
284226766388
461000393017
941462348568
562740495223
428429097635
11561870789
703598142319
996587639600
979256442176
98331424053
437512058425
117632698067
489726834415
426696205306
728416036113
45127304517
645508698255
841069481361
398560572981
771827179484
416669194597
782838627831
676205636353
362883228531
666427816285
834804184901
182350259954
939006867942
541469554641
504600584345
700646415949
38997558233
190659477157
502095817568
62449504616
748712295897
383888099209
894387297873
156151743544
780547187449
33227352457
458243364059
923575448425
220351906668
978477016284
341165705344
895658296130
310402970005
175152354870
951074690287
73822624364
227457052422
723691278490
338456973602
133615669943
456378218332
620702210816
92211880182
110692867013
435211393158
354078294484
193855414313
40046799843
386531076917
273500462058
539634968438
893867832850
355596777344
373048362560
537472992728
647702731298
515999110954
678359586134
693952984821
100459815404
714204350878
844035596656
563451475753
59585004280
639232656723
28797434514
972915117643
171992150591
988480301418
949878067816
969127816360
826891906838
812682604423
834850879289
469997660412
678186240345
651463914195
572699873368
127059849319
581165362012
221807448079
914335915953
148587249311
499860124404
607157815838
835993630962
717259257176
679205427979
186251638493
375603698219
339936901181
123779751444
266944159457
173131691149
369557167152
100417314263
139987782732
127726456495
769164795581
894352293186
89101288135
151899719739
39530596786
13305333784
170912360075
373997606763
258642990434
653103326199
609154233630
657511950090
622184462112
570944168868
602800999310
697167070062
659091206261
157100039306
702943279246
477941958144
67721583084
190405546640
222962678303
514589765669
13417888061
385116605615
540257826252
515209410011
323163919598
3744250084
289252809364
502105169770
742397395103
369029688023
755471135674
766069509684
224293301989
368702298023
168097541114
612690558007
536407326557
161587537205
245187083656
98606726716
775535043675
332969750336
250042104178
